0.24814516438497360995008  0.14492163191358131690833
0.62828588132513063513329  0.99751583053261605460449
0.010428778623374965889292  0.59518143927069944165709
0.74433994332120512193995  0.83788684100754695638358
0.93071227166071590630736  0.91916448585524457293161
0.28757644144916477690899  0.89214429748796841845859
0.79571005281181961255044  0.26215428380997612967107
0.11866569009128441480883  0.38555892892760895707127
0.1053293758590422984911  0.6203070878262606502318
0.15805750337495411139699  0.89336392543076414973768
0.21491157543447614308718  0.72789053785091850645728
0.054527714445643526985918  0.90242047691670024267552
0.76720894837817832367932  0.68880241169753164687251
0.58595752423185110124848  0.57369231754797689326608
0.57493862960680353069165  0.86389924235654347306479
0.6875695191485908797091  0.67658769816291530752039
0.58439310229744811930885  0.92249949929971397644124
0.88505714074549146630488  0.19014396318240112115916
0.57858916706905849647313  0.015078603098958443320954
0.93435835312650206141427  0.68855682895911540786216
0.85427286051487760776268  0.53489722006768947171196
0.63504520730500468861379  0.66515573130442151583708
0.78947455503094177142742  0.13728669881994062795805
0.13743798220972283652408  0.66304946893860161605261
0.38824396937990146572162  0.59598604632278806558787
0.39431126474101652057414  0.26615330952614169035542
0.2169538777002615603795  0.18599771495551883915276
0.99767996012904103242391  0.69919417196872279962605
0.34029388333886445572318  0.72621341045502396660538
0.37306277695607903410746  0.71390595827687086671887
0.75639544324172336420276  0.43681461193144155430446
0.52747288772560518843591  0.64323368226931931790347
0.3680686407843981600152  0.32721379393459520956711
0.91314155226163540302053  0.53809658101646873351598
0.78523096703090444758999  0.056542214153983312574514
0.19463970088812612702078  0.69816425402507364950111
0.823276518686526959101  0.67008170770503172608556
0.023717499002805179225684  0.13699241797740588366672
0.17184855517276523273473  0.50566849331850205473415
0.10629613757294438525225  0.18377092268068712099804
0.6970396765443693798403  0.33268759350408011465916
0.52433261702063960196796  0.025371944468098876074302
0.43854274080030980487166  0.041952834678802689016841
0.58967835004742918947329  0.84946068350335535157569
0.20284388366362149369593  0.67837212206250119272966
0.27122043822716873640033  0.75292209494887840648403
0.45856347772143479790685  0.97558392852706343756353
0.77499674091766823647021  0.32407062808618264382332
0.92339847781244555058322  0.88065228572713338817124
0.068357051607123769931817  0.085116378635551326325981
0.63246019035595801849325  0.9658413113296117069595
0.73857367860900091649512  0.61199134601418592183109
0.64903192985523971980655  0.28134683100860585769354
0.63395159111463095236161  0.97054592944045614544279
0.75721870694522264155779  0.43542798078309891129933
0.12871855693409109400172  0.78533980597489150277113
0.40873059807758904682373  0.48470757187010898858759
0.24154859857618901641807  0.26374414371999210793263
0.027563833128185111220887  0.84672581469894558914291
0.34225376461030154739973  0.39081744485340930150841
