0.78177586510542051989603  0.2155569998304000534084
0.13462771428477665613954  0.4113688121755361692955
0.50674303360964834119784  0.92931971243705846497107
0.7616612238981047555697  0.17616394988006930932833
0.77173085914405903373847  0.36330469716214280895272
0.68991810104416995130805  0.23556958121374707570972
0.71477752747164824409509  0.51739859176109126437382
0.7511649787674939959814  0.42666948061044024376187
0.15672971071869340464744  0.034923693875279063214556
0.57275958973920515493461  0.89758357642099151352255
0.89760120487010930379057  0.21195886658969967375477
0.38472880629494599080687  0.95652568760772227474121
0.91716867805336121932669  0.98319858609019172845933
0.67380579311263566477663  0.73636501737142245893608
0.087310062557692247331431  0.32471291735063934069672
0.43525385007943118154117  0.33985655061296521362024
0.43686535647439850293949  0.042016667558663574333355
0.62504823435403045195358  0.092026528209367325361612
0.018810716802689229215639  0.58041044857813306467875
0.29095654349060967591711  0.75003266730596263034414
0.17191084735170109043523  0.54457992483356942869932
0.32901928259757817762932  0.96751024549483299885821
0.098307878217382918539791  0.42119234443286318603228
0.18420259280812423252627  0.93556929764344065603154
0.41542389137746466021284  0.96845433653544665819624
0.88459727017786615732575  0.9349363502164514949655
0.63024694507838552315349  0.68189359415863781688216
0.68779179397094891701414  0.9123441673338616997313
0.094021674012350744953359  0.50408759811426606667339
0.12053037620852900813073  0.24472163580526304360596
0.56232833506207613449845  0.10633850356779390999851
0.5362011124907896109093  0.6082928416903047308395
0.32709443522449233032745  0.45701339662581191847224
0.54095004722872730429373  0.57900862054644730569919
0.26465908366406654117498  0.640054381957550488913
0.78863380771526025991847  0.18228036602946054434149
0.44398450496431002276765  0.46089696129629842413777
0.36507461773628313572715  0.93623249634290017784366
0.64296752933157830245392  0.017302802046867821195164
0.78712045629535354329676  0.091064863864984357810783
0.26004914973246046061561  0.92292249958123273589905
0.8134272101342296945603  0.16526252082526943221197
0.04851017915372073802116  0.037625167598489731024536
0.20476864959383425657258  0.44295667011637218646314
0.43477179285334843772404  0.54437287719578197897619
0.65391323304800252902425  0.69852534800085375188416
0.3820737043391781995183  0.8471738538175945798514
0.0064737180219862364496941  0.23536071094251878599302
0.16087758464611282005485  0.45901698520316880358649
0.060957119299222900510316  0.0702666690940527416398
0.35730413125647447758482  0.36325107380919940958108
0.30470552083756724526253  0.48713706595018868572566
0.81651304252703782449174  0.89042653106954028352504
0.80524444986544030378184  0.17179224545276564062313
0.94921977863864970270669  0.73827622599452302765144
0.20683114348261599779732  0.68694484579828318793204
0.12942395904874673395746  0.12613729480563223850353
0.91835929162385010471326  0.60644413749710379679669
0.18834483410945240811074  0.19687184508547495020991
0.3952960219599647162525  0.26146056046630899993843
