0.001159703360087893306285  0.23557237464522232106567
0.64815210425122837811784  0.074373607593005153226784
0.27024140140995511760735  0.36002685628833885900235
0.25528733176671652982392  0.98529007843256932730469
0.31891842402417064361586  0.93423261207922603244214
0.17862483596301156896224  0.85757011627552115484718
0.034852137821588795307814  0.0085757011627552118954165
0.62675862910855428822288  0.48588518936735131115157
0.27298806726279489787146  0.80217902157658615980296
0.091463972899563580898352  0.44801171910763876171657
0.6401562547685171189471  0.97326578569902644222367
0.66087832270271917867177  0.79061250648518321959557
0.56328012939848015605548  0.040375988036744282771995
0.88140507217627495073486  0.068361461226233710686273
0.29679250465407269743423  0.98507644886623735303033
0.074648274178289134028752  0.018005920590838345174411
0.025635547959837641507352  0.56724753563035978931595
0.51597643971068452017903  0.64812158574175238179294
0.72057252723776965552815  0.38505203405865656707263
0.38013855403302104773999  0.026459547715689566566022
0.90130314035462510968699  0.20990630817590869017231
0.86132389294106870281098  0.54588457899716180676819
0.96429334391308330065584  0.6281929990539262265159
0.37269203772087772241761  0.9494613483077486426609
0.23126926480910672823121  0.52082888271736804686185
0.23282570879238256855714  0.89736625263222147275144
0.37473677785576953169766  0.41215247047334208074787
0.7442854091006195771385  0.35551011688589129189353
0.37626270332956940345426  0.21900082399975584479535
0.071138645588549459519712  0.5879085665456099674131
0.67488631855220193589417  0.43140964995269631687691
0.8218024231696523518309  0.033631397442548907616988
0.66078676717429118969704  0.25647755363628038649537
0.74272896511734365354584  0.8501235999633778295248
0.17084261604663228406586  0.75600451673940249897043
0.43021942808313240469431  0.40324106570635087631871
0.14291817987609484186251  0.509750663777581047853
0.46571245460371712976411  0.48652607806634723397465
0.083834345530564291504305  0.8354441969054231531544
0.88109988708151498748578  0.54945524460585348780484
0.50883510849330115810574  0.096194341868343150037113
0.3606982634968108336615  0.7173070467238380487629
0.0072939237647633289526872  0.12775048066652425204914
0.085573900570696123657477  0.88311410870693074492976
0.09225745414593951310156  0.31540879543443095522903
0.62663655507065030292324  0.65288247322000791950103
0.4889065218054750028287  0.35322122867519151201421
0.79296243171483504763586  0.4260689107943967934844
0.01904354991302224797689  0.21561326944792016946373
0.84136478774376655120903  0.39155247657704395081169
0.73754081850642416728903  0.37342448194830163421543
0.95367290261543624652063  0.72133548997466967467318
0.47666859950560014347332  0.78514969328897976641457
0.38758507034516431755122  0.74230170598467970499712
0.45539719840083009438914  0.69502853480636006544557
0.20786156804101688089226  0.36811426129947810714782
0.10879848628192999304698  0.76879177220984529217418
0.0036317026276436658802083  0.57213049714651931232368
0.79500717184972691242706  0.59877315591906488112528
0.49848933378093812640586  0.18213446455275125734907
